[
  {
    "index": 40,
    "score": 0.8159356713294983,
    "width_m": 0.09526773542165756,
    "effective_width_m": 0.09,
    "width_was_clamped": true,
    "depth_m": 0.029999999329447746,
    "translation_base_m": [
      0.4600774204306017,
      0.04855401219216303,
      0.0438821930060625
    ],
    "rotation_base_matrix": [
      [
        0.9886741046426952,
        0.09065475530678839,
        0.11960431808939315
      ],
      [
        0.10600177003008492,
        -0.9859748882284198,
        -0.12890751411011453
      ],
      [
        0.10624077996860305,
        0.14012578937797043,
        -0.9844174131380367
      ]
    ],
    "rotation_base_rpy_rad": [
      3.0001986357363934,
      -0.10644165857013643,
      0.10680807105255277
    ]
  },
  {
    "index": 47,
    "score": 0.7646861672401428,
    "width_m": 0.09769729524850845,
    "effective_width_m": 0.09,
    "width_was_clamped": true,
    "depth_m": 0.029999999329447746,
    "translation_base_m": [
      0.45951035324949324,
      0.045317788592341916,
      0.042109748920787976
    ],
    "rotation_base_matrix": [
      [
        0.9886741046426952,
        0.09065475530678839,
        0.11960431808939315
      ],
      [
        0.10600177003008492,
        -0.9859748882284198,
        -0.12890751411011453
      ],
      [
        0.10624077996860305,
        0.14012578937797043,
        -0.9844174131380367
      ]
    ],
    "rotation_base_rpy_rad": [
      3.0001986357363934,
      -0.10644165857013643,
      0.10680807105255277
    ]
  },
  {
    "index": 61,
    "score": 0.6588081121444702,
    "width_m": 0.09809386730194092,
    "effective_width_m": 0.09,
    "width_was_clamped": true,
    "depth_m": 0.019999999552965164,
    "translation_base_m": [
      0.4608311267735924,
      0.06849217557232315,
      0.03476023967528155
    ],
    "rotation_base_matrix": [
      [
        0.8882959862046517,
        0.1497666986338744,
        0.4341661238374918
      ],
      [
        -0.22178245589260076,
        0.9676896150258272,
        0.11995589363415951
      ],
      [
        -0.40217264818492443,
        -0.20284677371951187,
        0.8928103743207279
      ]
    ],
    "rotation_base_rpy_rad": [
      -0.22340771041922397,
      0.4138886156629331,
      -0.24466974672719138
    ]
  },
  {
    "index": 70,
    "score": 0.6067817807197571,
    "width_m": 0.07859675586223602,
    "effective_width_m": 0.07859675586223602,
    "width_was_clamped": false,
    "depth_m": 0.029999999329447746,
    "translation_base_m": [
      0.4821641685380485,
      0.036248081317742264,
      0.0702572676337512
    ],
    "rotation_base_matrix": [
      [
        0.3350258264079336,
        0.9264837955129255,
        -0.1714222362409182
      ],
      [
        0.32043493465016154,
        -0.2831289028823393,
        -0.9039687886317355
      ],
      [
        -0.8860469963755778,
        0.24792321635428258,
        -0.3917332136867279
      ]
    ],
    "rotation_base_rpy_rad": [
      2.5773412829508144,
      1.0887474916985953,
      0.7631413503840784
    ]
  },
  {
    "index": 72,
    "score": 0.6008371710777283,
    "width_m": 0.09671682119369507,
    "effective_width_m": 0.09,
    "width_was_clamped": true,
    "depth_m": 0.029999999329447746,
    "translation_base_m": [
      0.45651154946760975,
      0.054516071854778046,
      0.023456224485646576
    ],
    "rotation_base_matrix": [
      [
        0.7549292126399778,
        0.018583136799305598,
        0.6555429928139299
      ],
      [
        0.008914689822321221,
        -0.999796845371471,
        0.018075711706578085
      ],
      [
        0.6557457679813511,
        -0.00780191972790611,
        -0.7549415139803015
      ]
    ],
    "rotation_base_rpy_rad": [
      -3.131258551470088,
      -0.7151699645756315,
      0.011808092758213743
    ]
  },
  {
    "index": 73,
    "score": 0.5927678346633911,
    "width_m": 0.07401881366968155,
    "effective_width_m": 0.07401881366968155,
    "width_was_clamped": false,
    "depth_m": 0.029999999329447746,
    "translation_base_m": [
      0.4792924819733641,
      0.039314966661170445,
      0.06911927728629808
    ],
    "rotation_base_matrix": [
      [
        0.3350258264079336,
        0.9264837955129255,
        -0.1714222362409182
      ],
      [
        0.32043493465016154,
        -0.2831289028823393,
        -0.9039687886317355
      ],
      [
        -0.8860469963755778,
        0.24792321635428258,
        -0.3917332136867279
      ]
    ],
    "rotation_base_rpy_rad": [
      2.5773412829508144,
      1.0887474916985953,
      0.7631413503840784
    ]
  },
  {
    "index": 75,
    "score": 0.5902653336524963,
    "width_m": 0.10000000149011612,
    "effective_width_m": 0.09,
    "width_was_clamped": true,
    "depth_m": 0.019999999552965164,
    "translation_base_m": [
      0.45766669390760506,
      0.039191838602277415,
      0.025091929001806068
    ],
    "rotation_base_matrix": [
      [
        0.9628462086763365,
        0.03244753579628693,
        -0.2680939654869635
      ],
      [
        0.02573464704747531,
        -0.9992620151062566,
        -0.028516428963984774
      ],
      [
        -0.268821385046544,
        0.02055763362262251,
        -0.9629706868999292
      ]
    ],
    "rotation_base_rpy_rad": [
      3.120247755488795,
      0.2721691659545573,
      0.02672131996232482
    ]
  },
  {
    "index": 82,
    "score": 0.5613368153572083,
    "width_m": 0.10000000149011612,
    "effective_width_m": 0.09,
    "width_was_clamped": true,
    "depth_m": 0.019999999552965164,
    "translation_base_m": [
      0.46212972990982837,
      0.07114290539514144,
      0.03741705610232948
    ],
    "rotation_base_matrix": [
      [
        0.8882959862046517,
        0.1497666986338744,
        0.4341661238374918
      ],
      [
        -0.22178245589260076,
        0.9676896150258272,
        0.11995589363415951
      ],
      [
        -0.40217264818492443,
        -0.20284677371951187,
        0.8928103743207279
      ]
    ],
    "rotation_base_rpy_rad": [
      -0.22340771041922397,
      0.4138886156629331,
      -0.24466974672719138
    ]
  },
  {
    "index": 88,
    "score": 0.5474777221679688,
    "width_m": 0.0845654308795929,
    "effective_width_m": 0.0845654308795929,
    "width_was_clamped": false,
    "depth_m": 0.029999999329447746,
    "translation_base_m": [
      0.4830059439994586,
      0.040720725954251934,
      0.07021295136754119
    ],
    "rotation_base_matrix": [
      [
        0.3350258264079336,
        0.9264837955129255,
        -0.1714222362409182
      ],
      [
        0.32043493465016154,
        -0.2831289028823393,
        -0.9039687886317355
      ],
      [
        -0.8860469963755778,
        0.24792321635428258,
        -0.3917332136867279
      ]
    ],
    "rotation_base_rpy_rad": [
      2.5773412829508144,
      1.0887474916985953,
      0.7631413503840784
    ]
  },
  {
    "index": 93,
    "score": 0.5231940746307373,
    "width_m": 0.09055470675230026,
    "effective_width_m": 0.09,
    "width_was_clamped": true,
    "depth_m": 0.029999999329447746,
    "translation_base_m": [
      0.48949626939212626,
      0.07993478604226134,
      0.07260620831476225
    ],
    "rotation_base_matrix": [
      [
        0.33708235344432164,
        0.551510540070997,
        -0.7630278657165617
      ],
      [
        -0.5619634265525669,
        -0.5323829110150975,
        -0.6330603885088337
      ],
      [
        -0.7553625546117846,
        0.6421872046369946,
        0.13047188350794886
      ]
    ],
    "rotation_base_rpy_rad": [
      1.3703565628261067,
      0.8562072260460423,
      -1.0305020754662522
    ]
  }
]