[
  {
    "index": 0,
    "score": 0.41854602098464966,
    "width_m": 0.07145675271749496,
    "depth_m": 0.029999999329447746,
    "translation_base_m": [
      0.523916872032619,
      -0.044328292704550236,
      -0.19709565692607214
    ],
    "rotation_base_matrix": [
      [
        0.9092589681928953,
        -0.41362805399760794,
        0.04647587188821415
      ],
      [
        -0.019952784609337935,
        0.06821609581757676,
        0.9974710407724992
      ],
      [
        -0.41575238523250974,
        -0.9078868290768796,
        0.053773060630954966
      ]
    ],
    "rotation_base_rpy_rad": [
      -1.5116366420423826,
      0.428769917868268,
      -0.021940480015863194
    ]
  },
  {
    "index": 4,
    "score": 0.24266687035560608,
    "width_m": 0.0795428678393364,
    "depth_m": 0.03999999910593033,
    "translation_base_m": [
      0.5235387209974471,
      -0.045930096545665315,
      -0.18511344601159188
    ],
    "rotation_base_matrix": [
      [
        0.9092589681928953,
        -0.41362805399760794,
        0.04647587188821415
      ],
      [
        -0.019952784609337935,
        0.06821609581757676,
        0.9974710407724992
      ],
      [
        -0.41575238523250974,
        -0.9078868290768796,
        0.053773060630954966
      ]
    ],
    "rotation_base_rpy_rad": [
      -1.5116366420423826,
      0.428769917868268,
      -0.021940480015863194
    ]
  },
  {
    "index": 9,
    "score": 0.21629667282104492,
    "width_m": 0.08494992554187775,
    "depth_m": 0.03999999910593033,
    "translation_base_m": [
      0.5266563854465972,
      -0.045006627304586815,
      -0.19904086847405147
    ],
    "rotation_base_matrix": [
      [
        0.9772069744281935,
        -0.12949155169385707,
        0.16822173779631108
      ],
      [
        -0.13186140674243385,
        0.2507712020141429,
        0.9590236415521487
      ],
      [
        -0.16637062390539872,
        -0.9593465268303355,
        0.22798041216997933
      ]
    ],
    "rotation_base_rpy_rad": [
      -1.3374826917007239,
      0.16714784460167453,
      -0.13412688252471205
    ]
  },
  {
    "index": 10,
    "score": 0.19496755301952362,
    "width_m": 0.07188263535499573,
    "depth_m": 0.029999999329447746,
    "translation_base_m": [
      0.5263051936104229,
      -0.04659855387636514,
      -0.1891812478364994
    ],
    "rotation_base_matrix": [
      [
        0.9092589681928953,
        -0.41362805399760794,
        0.04647587188821415
      ],
      [
        -0.019952784609337935,
        0.06821609581757676,
        0.9974710407724992
      ],
      [
        -0.41575238523250974,
        -0.9078868290768796,
        0.053773060630954966
      ]
    ],
    "rotation_base_rpy_rad": [
      -1.5116366420423826,
      0.428769917868268,
      -0.021940480015863194
    ]
  },
  {
    "index": 13,
    "score": 0.17213588953018188,
    "width_m": 0.07181116938591003,
    "depth_m": 0.009999999776482582,
    "translation_base_m": [
      0.5607563508819479,
      -0.06452411562175192,
      -0.1843003322499526
    ],
    "rotation_base_matrix": [
      [
        0.8950634194824074,
        0.09148030254474347,
        0.4364548346731266
      ],
      [
        -0.3865816438619428,
        0.6470651241520295,
        0.6571616217613164
      ],
      [
        -0.2222973534113566,
        -0.7569267879379789,
        0.6145288689513793
      ]
    ],
    "rotation_base_rpy_rad": [
      -0.8888571763558135,
      0.2241701404134715,
      -0.4077039940955478
    ]
  },
  {
    "index": 16,
    "score": 0.14839713275432587,
    "width_m": 0.0729416161775589,
    "depth_m": 0.03999999910593033,
    "translation_base_m": [
      0.5892228781456718,
      -0.07409102921438301,
      -0.1310513195701449
    ],
    "rotation_base_matrix": [
      [
        0.8950634194824074,
        0.09148030254474347,
        0.4364548346731266
      ],
      [
        -0.3865816438619428,
        0.6470651241520295,
        0.6571616217613164
      ],
      [
        -0.2222973534113566,
        -0.7569267879379789,
        0.6145288689513793
      ]
    ],
    "rotation_base_rpy_rad": [
      -0.8888571763558135,
      0.2241701404134715,
      -0.4077039940955478
    ]
  },
  {
    "index": 21,
    "score": 0.13931019604206085,
    "width_m": 0.07158390432596207,
    "depth_m": 0.029999999329447746,
    "translation_base_m": [
      0.535347507649559,
      -0.05532969651388182,
      -0.16722232871388817
    ],
    "rotation_base_matrix": [
      [
        0.8950634194824074,
        0.09148030254474347,
        0.4364548346731266
      ],
      [
        -0.3865816438619428,
        0.6470651241520295,
        0.6571616217613164
      ],
      [
        -0.2222973534113566,
        -0.7569267879379789,
        0.6145288689513793
      ]
    ],
    "rotation_base_rpy_rad": [
      -0.8888571763558135,
      0.2241701404134715,
      -0.4077039940955478
    ]
  },
  {
    "index": 24,
    "score": 0.13353478908538818,
    "width_m": 0.07987448573112488,
    "depth_m": 0.029999999329447746,
    "translation_base_m": [
      0.5222515844199974,
      -0.04639600197613571,
      -0.18176905667730922
    ],
    "rotation_base_matrix": [
      [
        0.964942400345145,
        -0.2457688893908808,
        -0.09210767967736246
      ],
      [
        0.09464376452665953,
        -0.0014987477935056329,
        0.9955100541770326
      ],
      [
        -0.24480346163421704,
        -0.9693272410384085,
        0.02181428304455874
      ]
    ],
    "rotation_base_rpy_rad": [
      -1.5482955219281604,
      0.24731698060793073,
      0.0977695764529971
    ]
  },
  {
    "index": 25,
    "score": 0.12869948148727417,
    "width_m": 0.07411426305770874,
    "depth_m": 0.029999999329447746,
    "translation_base_m": [
      0.5340958116738967,
      -0.05499262593323415,
      -0.16700502427290367
    ],
    "rotation_base_matrix": [
      [
        0.9427538663245687,
        -0.015753005311180242,
        -0.3331170979107508
      ],
      [
        0.27691970105479385,
        -0.5196110281044735,
        0.8082819464538753
      ],
      [
        -0.1858241915969381,
        -0.8542576496551219,
        -0.48550306339718513
      ]
    ],
    "rotation_base_rpy_rad": [
      -2.087605967222734,
      0.18691061344989257,
      0.28569912054470614
    ]
  },
  {
    "index": 27,
    "score": 0.11422327905893326,
    "width_m": 0.0657159760594368,
    "depth_m": 0.009999999776482582,
    "translation_base_m": [
      0.5694246489085865,
      -0.06864080023890573,
      -0.11467364623774903
    ],
    "rotation_base_matrix": [
      [
        -0.11885149984568841,
        0.8444088358244707,
        0.522348600589204
      ],
      [
        -0.8231913519759784,
        -0.3779537795804125,
        0.42368256776414365
      ],
      [
        0.5551849307823167,
        -0.37963754448043374,
        0.7400304153677191
      ]
    ],
    "rotation_base_rpy_rad": [
      -0.47399551807812473,
      -0.588585298259905,
      -1.714184412884999
    ]
  }
]