[
  {
    "index": 0,
    "score": 0.3133471608161926,
    "width_m": 0.09676127880811691,
    "effective_width_m": 0.07,
    "width_was_clamped": true,
    "depth_m": 0.019999999552965164,
    "ranking_score": 0.25600156337022784,
    "tcp_target_base_m": [
      0.18359319132198298,
      0.05232698382382235,
      0.021975918425889765
    ],
    "tcp_pregrasp_base_m": [
      0.08686551924551367,
      0.029401151961558805,
      0.01110560619071256
    ],
    "approach_axis_base": [
      0.9672767207646931,
      0.22925831862263543,
      0.10870312235177203
    ],
    "approach_down_component": 0.0,
    "translation_base_m": [
      0.2803208633984523,
      0.0752528156860859,
      0.03284623066106697
    ],
    "rotation_base_matrix": [
      [
        0.9672767087319369,
        0.14408903215824592,
        -0.20883985870108784
      ],
      [
        0.22925831577070135,
        -0.14370471381113398,
        0.9626990945221167
      ],
      [
        0.10870312099952388,
        -0.9790746783101608,
        -0.1720358497314495
      ]
    ],
    "rotation_base_rpy_rad": [
      -1.7447334343219498,
      -0.10891834534117706,
      0.23271988054040857
    ]
  },
  {
    "index": 1,
    "score": 0.3086816072463989,
    "width_m": 0.0974285826086998,
    "effective_width_m": 0.07,
    "width_was_clamped": true,
    "depth_m": 0.019999999552965164,
    "ranking_score": 0.24990607308489937,
    "tcp_target_base_m": [
      0.18457240144637177,
      0.057060142680841947,
      0.022875311492983358
    ],
    "tcp_pregrasp_base_m": [
      0.08784472936990245,
      0.0341343108185784,
      0.012004999257806154
    ],
    "approach_axis_base": [
      0.9672767207646931,
      0.22925831862263543,
      0.10870312235177203
    ],
    "approach_down_component": 0.0,
    "translation_base_m": [
      0.2813000735228411,
      0.07998597454310549,
      0.03374562372816056
    ],
    "rotation_base_matrix": [
      [
        0.9672767087319369,
        0.14408903215824592,
        -0.20883985870108784
      ],
      [
        0.22925831577070135,
        -0.14370471381113398,
        0.9626990945221167
      ],
      [
        0.10870312099952388,
        -0.9790746783101608,
        -0.1720358497314495
      ]
    ],
    "rotation_base_rpy_rad": [
      -1.7447334343219498,
      -0.10891834534117706,
      0.23271988054040857
    ]
  },
  {
    "index": 2,
    "score": 0.2604856491088867,
    "width_m": 0.10000000149011612,
    "effective_width_m": 0.07,
    "width_was_clamped": true,
    "depth_m": 0.009999999776482582,
    "ranking_score": 0.1961999316300665,
    "tcp_target_base_m": [
      0.18219471582278368,
      0.06702746435190356,
      0.003974293868482585
    ],
    "tcp_pregrasp_base_m": [
      0.0872470148470151,
      0.052823950468735614,
      -0.024011314446983588
    ],
    "approach_axis_base": [
      0.9494770097576858,
      0.1420351388316794,
      0.2798560831546617
    ],
    "approach_down_component": 0.0,
    "translation_base_m": [
      0.2771424167985523,
      0.0812309782350715,
      0.03195990218394876
    ],
    "rotation_base_matrix": [
      [
        0.9494770375655169,
        0.3048370341886088,
        -0.07461776103448255
      ],
      [
        0.142035142991537,
        -0.20537221842842796,
        0.9683223629251506
      ],
      [
        0.2798560913509536,
        -0.9299982149408661,
        -0.23829375404908593
      ]
    ],
    "rotation_base_rpy_rad": [
      -1.82163022209685,
      -0.283644214924077,
      0.14849192450864893
    ]
  },
  {
    "index": 3,
    "score": 0.18372811377048492,
    "width_m": 0.09930754452943802,
    "effective_width_m": 0.07,
    "width_was_clamped": true,
    "depth_m": 0.019999999552965164,
    "ranking_score": 0.1209262326359749,
    "tcp_target_base_m": [
      0.18203434788818068,
      0.06235230165814731,
      0.02218775983906926
    ],
    "tcp_pregrasp_base_m": [
      0.08530667581171136,
      0.03942646979588377,
      0.011317447603892056
    ],
    "approach_axis_base": [
      0.9672767207646931,
      0.22925831862263543,
      0.10870312235177203
    ],
    "approach_down_component": 0.0,
    "translation_base_m": [
      0.27876201996465,
      0.08527813352041086,
      0.033058072074246464
    ],
    "rotation_base_matrix": [
      [
        0.9672767087319369,
        0.14408903215824592,
        -0.20883985870108784
      ],
      [
        0.22925831577070135,
        -0.14370471381113398,
        0.9626990945221167
      ],
      [
        0.10870312099952388,
        -0.9790746783101608,
        -0.1720358497314495
      ]
    ],
    "rotation_base_rpy_rad": [
      -1.7447334343219498,
      -0.10891834534117706,
      0.23271988054040857
    ]
  }
]