[
  {
    "index": 44,
    "score": 0.8257877826690674,
    "width_m": 0.09533984959125519,
    "effective_width_m": 0.09,
    "width_was_clamped": true,
    "depth_m": 0.029999999329447746,
    "translation_base_m": [
      0.4746818283123363,
      0.01795480763132036,
      0.0713741952555442
    ],
    "rotation_base_matrix": [
      [
        0.3371087203662024,
        -0.3352094563746325,
        0.8797682899272892
      ],
      [
        -0.5619634265525669,
        0.6780904183124571,
        0.4736986593027621
      ],
      [
        -0.7553507877577579,
        -0.654085556955072,
        0.04021473495970037
      ]
    ],
    "rotation_base_rpy_rad": [
      -1.509391202993455,
      0.8561892558923816,
      -1.0304675479812697
    ]
  },
  {
    "index": 57,
    "score": 0.7736822962760925,
    "width_m": 0.0940869152545929,
    "effective_width_m": 0.09,
    "width_was_clamped": true,
    "depth_m": 0.029999999329447746,
    "translation_base_m": [
      0.4701069568525292,
      0.017423889368174142,
      0.06836961472436626
    ],
    "rotation_base_matrix": [
      [
        0.3371087203662024,
        -0.3352094563746325,
        0.8797682899272892
      ],
      [
        -0.5619634265525669,
        0.6780904183124571,
        0.4736986593027621
      ],
      [
        -0.7553507877577579,
        -0.654085556955072,
        0.04021473495970037
      ]
    ],
    "rotation_base_rpy_rad": [
      -1.509391202993455,
      0.8561892558923816,
      -1.0304675479812697
    ]
  },
  {
    "index": 64,
    "score": 0.7655028104782104,
    "width_m": 0.10000000149011612,
    "effective_width_m": 0.09,
    "width_was_clamped": true,
    "depth_m": 0.03999999910593033,
    "translation_base_m": [
      0.4410210553401157,
      -0.013570813173557184,
      0.02096683045250486
    ],
    "rotation_base_matrix": [
      [
        0.9671035907761218,
        -0.003881245232688142,
        0.25435332389540977
      ],
      [
        -0.017396979750481628,
        -0.9985517610385966,
        0.05090972995653732
      ],
      [
        0.2537873324730878,
        -0.05365996217219177,
        -0.9657704948357783
      ]
    ],
    "rotation_base_rpy_rad": [
      -3.086087907402011,
      -0.25659378995030413,
      -0.01798680528109885
    ]
  },
  {
    "index": 67,
    "score": 0.7607337236404419,
    "width_m": 0.06561917066574097,
    "effective_width_m": 0.06561917066574097,
    "width_was_clamped": false,
    "depth_m": 0.03999999910593033,
    "translation_base_m": [
      0.45012128219716696,
      -0.048105311773485857,
      0.03976844296019569
    ],
    "rotation_base_matrix": [
      [
        0.19064484585456337,
        0.8874790952324122,
        -0.4195658430666033
      ],
      [
        0.9112100642638706,
        -0.31897786170862497,
        -0.26067108362538555
      ],
      [
        -0.365172353635128,
        -0.33261703274736837,
        -0.8694912890198733
      ]
    ],
    "rotation_base_rpy_rad": [
      -2.776226178044062,
      0.3738179008213134,
      1.3645497975675973
    ]
  },
  {
    "index": 72,
    "score": 0.7424679398536682,
    "width_m": 0.10000000149011612,
    "effective_width_m": 0.09,
    "width_was_clamped": true,
    "depth_m": 0.03999999910593033,
    "translation_base_m": [
      0.4407109218828919,
      -0.016714047091849968,
      0.021571247205689675
    ],
    "rotation_base_matrix": [
      [
        0.9671035907761218,
        -0.003881245232688142,
        0.25435332389540977
      ],
      [
        -0.017396979750481628,
        -0.9985517610385966,
        0.05090972995653732
      ],
      [
        0.2537873324730878,
        -0.05365996217219177,
        -0.9657704948357783
      ]
    ],
    "rotation_base_rpy_rad": [
      -3.086087907402011,
      -0.25659378995030413,
      -0.01798680528109885
    ]
  },
  {
    "index": 91,
    "score": 0.6858346462249756,
    "width_m": 0.09774859994649887,
    "effective_width_m": 0.09,
    "width_was_clamped": true,
    "depth_m": 0.019999999552965164,
    "translation_base_m": [
      0.44135632650868484,
      -0.01771789443862476,
      0.026094275028799685
    ],
    "rotation_base_matrix": [
      [
        0.9628555917262728,
        0.03244681817973265,
        -0.26806035130546507
      ],
      [
        0.02573464704747531,
        -0.9992620151062566,
        -0.028516428963984774
      ],
      [
        -0.2687877752097121,
        0.020558766242765456,
        -0.9629800445580569
      ]
    ],
    "rotation_base_rpy_rad": [
      3.1202467872167894,
      0.27213427183035743,
      0.02672105968636286
    ]
  },
  {
    "index": 92,
    "score": 0.6837062835693359,
    "width_m": 0.09873201698064804,
    "effective_width_m": 0.09,
    "width_was_clamped": true,
    "depth_m": 0.029999999329447746,
    "translation_base_m": [
      0.4797936152350509,
      0.01508414447045258,
      0.07464221292387807
    ],
    "rotation_base_matrix": [
      [
        0.3371087203662024,
        -0.3352094563746325,
        0.8797682899272892
      ],
      [
        -0.5619634265525669,
        0.6780904183124571,
        0.4736986593027621
      ],
      [
        -0.7553507877577579,
        -0.654085556955072,
        0.04021473495970037
      ]
    ],
    "rotation_base_rpy_rad": [
      -1.509391202993455,
      0.8561892558923816,
      -1.0304675479812697
    ]
  },
  {
    "index": 94,
    "score": 0.6694149374961853,
    "width_m": 0.0937136709690094,
    "effective_width_m": 0.09,
    "width_was_clamped": true,
    "depth_m": 0.019999999552965164,
    "translation_base_m": [
      0.44179992108977506,
      -0.01456606892916533,
      0.026659160620523037
    ],
    "rotation_base_matrix": [
      [
        0.9628555917262728,
        0.03244681817973265,
        -0.26806035130546507
      ],
      [
        0.02573464704747531,
        -0.9992620151062566,
        -0.028516428963984774
      ],
      [
        -0.2687877752097121,
        0.020558766242765456,
        -0.9629800445580569
      ]
    ],
    "rotation_base_rpy_rad": [
      3.1202467872167894,
      0.27213427183035743,
      0.02672105968636286
    ]
  },
  {
    "index": 99,
    "score": 0.661847710609436,
    "width_m": 0.09821727126836777,
    "effective_width_m": 0.09,
    "width_was_clamped": true,
    "depth_m": 0.029999999329447746,
    "translation_base_m": [
      0.44270541365509913,
      -0.018147077851464785,
      0.03448783078103748
    ],
    "rotation_base_matrix": [
      [
        0.9628555917262728,
        0.03244681817973265,
        -0.26806035130546507
      ],
      [
        0.02573464704747531,
        -0.9992620151062566,
        -0.028516428963984774
      ],
      [
        -0.2687877752097121,
        0.020558766242765456,
        -0.9629800445580569
      ]
    ],
    "rotation_base_rpy_rad": [
      3.1202467872167894,
      0.27213427183035743,
      0.02672105968636286
    ]
  },
  {
    "index": 103,
    "score": 0.6506122350692749,
    "width_m": 0.10000000149011612,
    "effective_width_m": 0.09,
    "width_was_clamped": true,
    "depth_m": 0.03999999910593033,
    "translation_base_m": [
      0.44288797986561834,
      -0.005699261556630461,
      0.024751826741148536
    ],
    "rotation_base_matrix": [
      [
        0.9980193370890587,
        -0.06249692644211757,
        0.0071848951539814285
      ],
      [
        -0.06279807366411827,
        -0.9829805841161685,
        0.17264278620420023
      ],
      [
        -0.0037270227072783526,
        -0.17275201996653605,
        -0.9849582994279125
      ]
    ],
    "rotation_base_rpy_rad": [
      -2.9679684159451507,
      0.003727035340042484,
      -0.0628398580318074
    ]
  }
]